26
122
256
427
514
524
534
535
539
541
543
552
554
975
976
978
984
986
989
1000
1003
1006
1009
1015
1019
1021
1022
1024
1029
1030
1032
1033
1036
1038
1040
1042
1044
1048
1049
1051
1052
1053
1054
1060
1067
1071
1076
1080
1083
1084
1086
1090
1092
1096
1097
1110
1112
1114
1115
1116
1119
1120
1121
1124
1125
1127
1131
1136
1140
1141
1142
1144
1145
1152
1154
1155
1159
1160
1165
1168
1170
1171
1173
1174
1175
1176
1181
1182
1185
1186
1187
1188
1190
1191
1192
1193
1194
1195
1196
1197
1198
1199
1200
1201
1202
1203
1204
1209
1217
1219
1226
1228
1230
1232
1236
1237
1238
1239
1246
1250
1646
1891
1895
2168
2383
2484
2758
